gns.ip=45.79.168.61
gns.port=24703
count=1
latitude=-22.90291
longitude=-43.11055
distance=0.0125
step.size=100000.0
